6.283185307179586589e+07 8.332799999999999727e+02 1.329399999999999977e+02 1.406144414255949869e+03 1.019953224962871514e-118 1.406144414255949869e+03 1.019953224962871514e-118
4.079986379217064381e+07 8.726200000000000045e+02 1.379499999999999886e+02 1.406144414255949869e+03 6.623066266296404944e-119 1.406144414255949869e+03 6.623066266296404944e-119
2.649367916625344381e+07 9.105199999999999818e+02 1.371599999999999966e+02 1.406144414255949869e+03 4.300734768378443700e-119 1.406144414255949869e+03 4.300734768378443700e-119
1.720336137105770782e+07 9.464900000000000091e+02 1.397500000000000000e+02 1.406144414255949869e+03 2.792631929948341551e-119 1.406144414255949869e+03 2.792631929948341551e-119
1.117087515763458610e+07 9.648200000000000500e+02 1.400900000000000034e+02 1.406144414255949869e+03 1.813374838661488959e-119 1.406144414255949869e+03 1.813374838661488959e-119
7.253937437138832174e+06 1.005600000000000023e+03 1.482700000000000102e+02 1.406144414255949869e+03 1.177535998219635096e-119 1.406144414255949869e+03 1.177535998219635096e-119
4.710378361086391844e+06 1.050400000000000091e+03 1.537100000000000080e+02 1.406144414255949869e+03 7.646385336901653312e-120 1.406144414255949869e+03 7.646385336901653312e-120
3.058654607535022777e+06 1.100200000000000045e+03 1.551800000000000068e+02 1.406144414255949869e+03 4.965132299119258511e-120 1.406144414255949869e+03 4.965132299119258511e-120
1.986177707452538889e+06 1.184799999999999955e+03 1.474699999999999989e+02 1.406144414255949869e+03 3.224174139430132933e-120 1.406144414255949869e+03 3.224174139430132933e-120
1.289686616151681868e+06 1.231299999999999955e+03 1.286399999999999864e+02 1.406144414255949869e+03 2.093555989558789900e-120 1.406144414255949869e+03 2.093555989558789900e-120
8.374857695939670084e+05 1.266200000000000045e+03 1.043900000000000006e+02 1.406144414255949869e+03 1.359495653553011186e-120 1.406144414255949869e+03 1.359495653553011186e-120
5.438159715217003832e+05 1.289599999999999909e+03 8.093300000000000693e+01 1.406144414255949869e+03 8.827797157376149006e-121 1.406144414255949869e+03 8.827797157376149006e-121
3.531275806341071147e+05 1.304799999999999955e+03 6.163700000000000045e+01 1.406144414255949869e+03 5.732341114936329696e-121 1.406144414255949869e+03 5.732341114936329696e-121
2.293048477855189994e+05 1.315000000000000000e+03 4.709799999999999898e+01 1.406144414255949869e+03 3.722319294501998792e-121 1.406144414255949869e+03 3.722319294501998792e-121
1.488989254095418437e+05 1.322400000000000091e+03 3.647500000000000142e+01 1.406144414255949869e+03 2.417085152517012975e-121 1.406144414255949869e+03 2.417085152517012975e-121
9.668565550687946961e+04 1.328099999999999909e+03 2.886100000000000065e+01 1.406144414255949869e+03 1.569504022572866414e-121 1.406144414255949869e+03 1.569504022572866414e-121
6.278410086346129538e+04 1.332700000000000045e+03 2.346399999999999864e+01 1.406144414255949869e+03 1.019178060511899455e-121 1.406144414255949869e+03 1.019178060511899455e-121
4.076907618416546757e+04 1.336500000000000000e+03 1.974899999999999878e+01 1.406144414255949869e+03 6.618068495494087215e-122 1.406144414255949869e+03 6.618068495494087215e-122
2.647294465473975288e+04 1.339700000000000045e+03 1.746799999999999997e+01 1.406144414255949869e+03 4.297368922736066654e-122 1.406144414255949869e+03 4.297368922736066654e-122
1.719016668191262943e+04 1.342299999999999955e+03 1.657700000000000173e+01 1.406144414255949869e+03 2.790490028175919774e-122 1.406144414255949869e+03 2.790490028175919774e-122
1.116270701673525218e+04 1.344700000000000045e+03 1.731099999999999994e+01 1.406144414255949869e+03 1.812048899469037175e-122 1.406144414255949869e+03 1.812048899469037175e-122
7.248282570362370279e+03 1.346900000000000091e+03 1.976000000000000156e+01 1.406144414255949869e+03 1.176618040317168402e-122 1.406144414255949869e+03 1.176618040317168402e-122
4.706796945461300311e+03 1.349200000000000045e+03 2.453699999999999903e+01 1.406144414255949869e+03 7.640571603519366486e-123 1.406144414255949869e+03 7.640571603519366486e-123
3.056329828971366169e+03 1.351700000000000045e+03 3.246999999999999886e+01 1.406144414255949869e+03 4.961358472186895567e-123 1.406144414255949869e+03 4.961358472186895567e-123
1.984669742978815975e+03 1.354700000000000045e+03 4.498899999999999721e+01 1.406144414255949869e+03 3.221726251690222269e-123 1.406144414255949869e+03 3.221726251690222269e-123
1.288744138355604946e+03 1.358700000000000045e+03 6.437999999999999545e+01 1.406144414255949869e+03 2.092026059721345438e-123 1.406144414255949869e+03 2.092026059721345438e-123
8.368574510632490728e+02 1.365000000000000000e+03 9.381699999999999307e+01 1.406144414255949869e+03 1.358475700328048454e-123 1.406144414255949869e+03 1.358475700328048454e-123
5.434012812914264714e+02 1.376299999999999955e+03 1.379600000000000080e+02 1.406144414255949869e+03 8.821065466091392375e-124 1.406144414255949869e+03 8.821065466091392375e-124
3.528574036658984028e+02 1.397700000000000045e+03 2.026800000000000068e+02 1.406144414255949869e+03 5.727955316068989181e-124 1.406144414255949869e+03 5.727955316068989181e-124
2.291289185969179698e+02 1.439900000000000091e+03 2.938399999999999750e+02 1.406144414255949869e+03 3.719463425472102668e-124 1.406144414255949869e+03 3.719463425472102668e-124
1.487858280740126133e+02 1.521599999999999909e+03 4.130500000000000114e+02 1.406144414255949869e+03 2.415249236712079274e-124 1.406144414255949869e+03 2.415249236712079274e-124
9.661654046850050293e+01 1.668200000000000045e+03 5.449700000000000273e+02 1.406144414255949869e+03 1.568382074025407628e-124 1.406144414255949869e+03 1.568382074025407628e-124
6.273634865512673287e+01 1.913200000000000045e+03 6.530199999999999818e+02 1.406144414255949869e+03 1.018402896060927898e-124 1.406144414255949869e+03 1.018402896060927898e-124
4.073766025762956389e+01 2.187199999999999818e+03 6.687200000000000273e+02 1.406144414255949869e+03 6.612968729369273004e-125 1.406144414255949869e+03 6.612968729369273004e-125
2.645283846175677311e+01 2.434400000000000091e+03 5.882599999999999909e+02 1.406144414255949869e+03 4.294105072416184392e-125 1.406144414255949869e+03 4.294105072416184392e-125
1.717760031129827070e+01 2.619500000000000000e+03 4.612099999999999795e+02 1.406144414255949869e+03 2.788450121725994076e-125 1.406144414255949869e+03 2.788450121725994076e-125
1.115391055730520087e+01 2.721099999999999909e+03 3.326999999999999886e+02 1.406144414255949869e+03 1.810620964954089022e-125 1.406144414255949869e+03 1.810620964954089022e-125
